AAPL 185.50 186.20 187.80 186.50 188.00 189.30 190.10 188.50 189.50 190.00
MSFT 410.00 412.50 414.00 413.20 415.80 416.50 417.00 418.20 417.50 417.80
GOOG 170.00 171.50 173.20 172.80 174.50 175.00 176.20 176.80 177.00 176.40
NVDA 128.00 129.50 131.00 130.20 132.50 133.80 134.00 135.20 135.50 136.00
TSLA 240.00 242.50 244.00 243.20 245.80 246.50 247.00 248.20 249.00 248.50
AMZN 170.00 172.00 173.50 174.80 175.20 176.00 177.50 178.00 178.25 179.00
META 495.00 497.50 499.00 500.20 501.80 503.00 504.50 505.00 505.75 506.50
NFLX 625.00 627.50 630.00 632.20 634.00 635.50 636.80 637.50 638.00 638.50
JPM 190.00 191.50 193.00 194.20 195.80 196.50 197.00 198.00 198.50 199.00
BA 200.00 202.50 204.00 206.20 208.00 209.50 210.00 210.50 210.80 211.50
